318 	
405 	
525 	
625 	
309 	
405 	
534 	
634 	
634 	
314 	
405 	
530 	
630 	
195 	
205 	
395 	
195 	
205 	
395 	
495 	
251 	
349 	
479 	
579 	
253 	
253 	
413 	
413 	
262 	
442 	
288 	
448 	
320 	
430 	
485 	
485 	
300 	
300 	
450 	
450 	
275 	
365 	
505 	
273 	
365 	
505 	
323 	
483 	
299 	
299 	
505 	
505 	
270 	
435 	
245 	
455 	
320 	
395 	
490 	
285 	
405 	
305 	
450 	
265 	
265 	
425 	
425 	
290 	
290 	
440 	
440 	
320 	
500 	
305 	
455 	
350 	
555 	
300 	
385 	
510 	
310 	
400 	
500 	
600 	
305 	
405 	
505 	
300 	
390 	
490 	
335 	
515 	
300 	
300 	
390 	
390 	
495 	
495 	
410 	
500 	
315 	
490 	
590 	
325 	
377 	
310 	
470 	
325 	
475 	
325 	
325 	
500 	
500 	
305 	
525 	
310 	
405 	
500 	
600 	
385 	
328 	
483 	
325 	
475 	
330 	
490 	
325 	
530 	
530 	
320 	
425 	
425 	
455 	
455 	
385 	
340 	
490 	
345 	
485 	
450 	
435 	
490 	
590 	
295 	
440 	
320 	
450 	
340 	
460 	
500 	
455 	
490 	
495 	
500 	
600 	
490 	
200 	
540 	
640 	
535 	
288 	
325 	
435 	
525 	
525 	
525 	
395 	
355 	
495 	
355 	
495 	
515 	
615 	
540 	
580 	
580 	
580 	
300 	
420 	
600 	
680 	
780 	
780 	
600 	
318 	
405 	
525 	
309 	
405 	
534 	
314 	
405 	
530 	
215 	
415 	
262 	
452 	
265 	
390 	
250 	
400 	
535 	
330 	
460 	
205 	
218 	
210 	
245 	
405 	
320 	
470 	
280 	
365 	
510 	
610 	
490 	
250 	
420 	
410 	
500 	
250 	
340 	
460 	
360 	
180 	
425 	
390 	
210 	
430 	
525 	
525 	
405 	
490 	
435 	
336 	
405 	
455 	
290 	
465 	
415 	
430 	
510 	
610 	
300 	
450 	
440 	
500 	
600 	
505 	
500 	
600 	
430 	
330 	
500 	
250 	
430 	
250 	
450 	
410 	
300 	
480 	
330 	
485 	
465 	
330 	
500 	
600 	
540 	
330 	
500 	
515 	
465 	
250 	
210 	
455 	
305 	
360 	
365 	
490 	
540 	
580 	
580 	
580 	
300 	
410 	
600 	
700 	
680 	
600 	
310 	
405 	
530 	
630 	
310 	
405 	
530 	
630 	
310 	
405 	
535 	
635 	
220 	
420 	
240 	
420 	
195 	
205 	
395 	
205 	
385 	
220 	
340 	
480 	
220 	
340 	
480 	
270 	
455 	
270 	
440 	
198 	
278 	
518 	
618 	
269 	
454 	
295 	
460 	
280 	
440 	
670 	
266 	
456 	
236 	
240 	
360 	
490 	
237 	
474 	
190 	
375 	
260 	
400 	
380 	
480 	
380 	
480 	
330 	
430 	
530 	
630 	
280 	
410 	
510 	
295 	
475 	
575 	
405 	
405 	
430 	
430 	
400 	
302 	
467 	
305 	
460 	
560 	
400 	
500 	
305 	
460 	
560 	
470 	
330 	
470 	
360 	
290 	
340 	
520 	
335 	
475 	
310 	
490 	
590 	
458 	
458 	
460 	
460 	
288 	
468 	
308 	
468 	
300 	
500 	
355 	
495 	
355 	
495 	
200 	
540 	
420 	
440 	
295 	
455 	
555 	
295 	
455 	
460 	
455 	
465 	
565 	
260 	
300 	
480 	
580 	
290 	
410 	
530 	
345 	
485 	
485 	
485 	
330 	
300 	
420 	
600 	
700 	
300 	
420 	
600 	
700 	
580 	
580 	
580 	
600 	
700 	
600 	
700 	
670 	
770 	
670 	
770 	
680 	
780 	
600 	
600 		
318 	
405 	
525 	
309 	
405 	
534 	
314 	
405 	
530 	
245 	
340 	
485 	
250 	
410 	
194 	
384 	
263 	
363 	
523 	
280 	
515 	
350 	
495 	
350 	
495 	
224 	
424 	
424 	
424 	
424 	
244 	
474 	
405 	
330 	
495 	
275 	
450 	
325 	
475 	
482 	
348 	
498 	
350 	
480 	
580 	
495 	
505 	
310 	
452 	
285 	
329 	
479 	
300 	
500 	
290 	
310 	
220 	
411 	
485 	
300 	
410 	
600 	
700 	
390 	
285 	
525 	
625 	
330 	
525 	
330 	
500 	
300 	
490 	
454 	
330 	
460 	
345 	
334 	
494 	
594 	
510 	
535 	
515 	
535 	
535 	
540 	
540 	
545 	
515 	
525 	
525 	
510 	
535 	
518 	
618 	
525 	
525 	
480 	
440 	
520 	
580 	
580 	
580 	
680 	
680 	
600 	
670 	
680 	
600 	
480 	
600 	
600 	
600 	
600 	
720 	
600 	